epoch: 0	train ppl: 432.57849487640505	val ppl: 264.4300818934314	best val: 264.4300818934314	time (s) spent in epoch: 123.22031354904175
epoch: 1	train ppl: 203.13127383515422	val ppl: 206.06219039123937	best val: 206.06219039123937	time (s) spent in epoch: 122.13965463638306
