epoch: 0	train ppl: 711.6322393245487	val ppl: 375.23019513363744	best val: 375.23019513363744	time (s) spent in epoch: 140.37781500816345
epoch: 1	train ppl: 400.8069781634834	val ppl: 296.56367008257854	best val: 296.56367008257854	time (s) spent in epoch: 140.31907415390015
epoch: 2	train ppl: 332.1784621457532	val ppl: 260.8891764240412	best val: 260.8891764240412	time (s) spent in epoch: 140.36613655090332
