epoch: 0	train ppl: 497.28148484539673	val ppl: 291.990835502677	best val: 291.990835502677	time (s) spent in epoch: 471.7914650440216
epoch: 1	train ppl: 288.93930954730024	val ppl: 220.0393042526394	best val: 220.0393042526394	time (s) spent in epoch: 471.55797958374023
epoch: 2	train ppl: 228.68998623452927	val ppl: 183.9958992964837	best val: 183.9958992964837	time (s) spent in epoch: 471.59960746765137
