epoch: 0	train ppl: 675.4218386917693	val ppl: 371.5638504214918	best val: 371.5638504214918	time (s) spent in epoch: 487.1174192428589
epoch: 1	train ppl: 338.3250763581818	val ppl: 245.8091143327085	best val: 245.8091143327085	time (s) spent in epoch: 486.95280718803406
epoch: 2	train ppl: 264.57283728294954	val ppl: 213.17819647956983	best val: 213.17819647956983	time (s) spent in epoch: 487.03298783302307
