epoch: 0	train ppl: 603.9813905591978	val ppl: 313.14796176664794	best val: 313.14796176664794	time (s) spent in epoch: 274.6189455986023
epoch: 1	train ppl: 342.0195406953555	val ppl: 265.6259787335445	best val: 265.6259787335445	time (s) spent in epoch: 280.36905169487
