epoch: 0	train ppl: 603.9813905591978	val ppl: 313.14796176664794	best val: 313.14796176664794	time (s) spent in epoch: 278.3210608959198
epoch: 1	train ppl: 342.0195406953555	val ppl: 265.6259787335445	best val: 265.6259787335445	time (s) spent in epoch: 271.55621242523193
epoch: 2	train ppl: 308.18164956230896	val ppl: 246.03089666769267	best val: 246.03089666769267	time (s) spent in epoch: 275.0242359638214
epoch: 3	train ppl: 293.68865518852294	val ppl: 233.38844189046037	best val: 233.38844189046037	time (s) spent in epoch: 279.0510380268097
