epoch: 0	train ppl: 604.5449853079584	val ppl: 333.1813898787137	best val: 333.1813898787137	time (s) spent in epoch: 384.74750661849976
epoch: 1	train ppl: 326.7153789028839	val ppl: 248.79944217198582	best val: 248.79944217198582	time (s) spent in epoch: 384.6972687244415
epoch: 2	train ppl: 259.7548588732026	val ppl: 208.7781535784328	best val: 208.7781535784328	time (s) spent in epoch: 384.72030544281006
